%YAML:1.0
---
M1: !!opencv-matrix
   rows: 3
   cols: 3
   dt: d
   data: [ 1.0500234049728344e+03, 0., 9.7473996742009558e+02, 
           0., 1.0518106521521540e+03, 5.6689252508647814e+02,
           0., 0., 1. ]
D1: !!opencv-matrix
   rows: 4
   cols: 1
   dt: d
   data: [ -9.5775732122243259e-02, -3.7544599620471829e-04,
       -1.0297778039054116e-02, 1.1186909688226544e-03 ]
M2: !!opencv-matrix
   rows: 3
   cols: 3
   dt: d
   data: [ 1.0469715608876163e+03, 0., 9.6950592747808048e+02, 0.,
       1.0484481519268675e+03, 5.7297744374440333e+02, 0., 0., 1. ]
D2: !!opencv-matrix
   rows: 4
   cols: 1
   dt: d
   data: [ -9.5161622292076087e-02, -2.6472684723719202e-03,
       -6.9029209255686719e-03, 1.3677541065084620e-04 ]
